sudoku([2, 4, 18, 1, 35, 30, 6, 5, 32, 38, 14, 19, 24, 29, 43, 44],[1, 4, 3, 2, 2, 3, 4, 1, 3, 2, 1, 4, 4, 1, 2, 3]).
sudoku([27, 51, 31, 47, 72, 37, 63, 33, 39, 77, 42, 68, 76, 48, 82, 40],[4, 3, 1, 2, 2, 1, 3, 4, 1, 2, 4, 3, 3, 4, 2, 1]).
sudoku([49, 87, 46, 106, 119, 57, 90, 56, 93, 65, 147, 74, 89, 149, 67, 112],[4, 3, 1, 2, 2, 1, 3, 4, 3, 4, 2, 1, 1, 2, 4, 3]).
sudoku([142, 94, 85, 172, 174, 95, 158, 96, 103, 186, 107, 173, 135, 195, 199, 109],[3, 1, 4, 2, 2, 4, 3, 1, 4, 2, 1, 3, 1, 3, 2, 4]).
sudoku([115, 137, 200, 208, 221, 205, 116, 143, 213, 222, 145, 117, 154, 121, 225, 216],[4, 1, 3, 2, 2, 3, 4, 1, 3, 2, 1, 4, 1, 4, 2, 3]).
sudoku([168, 139, 230, 236, 231, 237, 176, 159, 244, 178, 160, 245, 163, 270, 249, 180],[1, 4, 3, 2, 3, 2, 1, 4, 2, 1, 4, 3, 4, 3, 2, 1]).
sudoku([189, 256, 166, 309, 169, 310, 190, 258, 278, 170, 313, 191, 323, 196, 280, 198],[1, 2, 4, 3, 4, 3, 1, 2, 2, 4, 3, 1, 3, 1, 2, 4]).
sudoku([202, 285, 334, 210, 335, 227, 291, 203, 293, 204, 238, 343, 247, 349, 224, 298],[1, 2, 3, 4, 3, 4, 2, 1, 2, 1, 4, 3, 4, 3, 1, 2]).
sudoku([303, 228, 369, 248, 250, 381, 239, 306, 382, 275, 318, 251, 265, 321, 287, 402],[2, 1, 3, 4, 4, 3, 1, 2, 3, 4, 2, 1, 1, 2, 4, 3]).
sudoku([267, 295, 326, 408, 437, 331, 300, 272, 304, 442, 276, 362, 363, 279, 449, 308],[1, 4, 2, 3, 3, 2, 4, 1, 4, 3, 1, 2, 2, 1, 3, 4]).
sudoku([325, 450, 288, 371, 387, 302, 360, 451, 314, 390, 453, 376, 464, 379, 396, 329],[4, 3, 1, 2, 2, 1, 4, 3, 1, 2, 3, 4, 3, 4, 2, 1]).
sudoku([400, 398, 493, 330, 332, 500, 399, 404, 405, 418, 342, 505, 507, 345, 421, 420],[2, 4, 3, 1, 1, 3, 4, 2, 4, 2, 1, 3, 3, 1, 2, 4]).
sudoku([515, 348, 423, 425, 444, 428, 524, 350, 432, 526, 354, 452, 357, 456, 447, 528],[3, 1, 2, 4, 2, 4, 3, 1, 4, 3, 1, 2, 1, 2, 4, 3]).
sudoku([377, 475, 531, 467, 477, 548, 378, 484, 569, 492, 497, 385, 511, 388, 503, 573],[1, 4, 3, 2, 2, 3, 1, 4, 3, 2, 4, 1, 4, 1, 2, 3]).
sudoku([574, 519, 393, 512, 409, 513, 576, 532, 516, 416, 533, 577, 535, 578, 536, 419],[3, 4, 1, 2, 1, 2, 3, 4, 2, 1, 4, 3, 4, 3, 2, 1]).
sudoku([427, 541, 539, 590, 595, 547, 544, 430, 549, 455, 614, 555, 556, 628, 473, 583],[1, 4, 2, 3, 3, 2, 4, 1, 2, 1, 3, 4, 4, 3, 1, 2]).
sudoku([565, 637, 476, 609, 480, 612, 648, 571, 657, 589, 613, 489, 624, 504, 610, 669],[4, 3, 1, 2, 1, 2, 3, 4, 3, 4, 2, 1, 2, 1, 4, 3]).
sudoku([677, 629, 506, 622, 660, 523, 632, 683, 529, 686, 668, 633, 635, 670, 687, 537],[3, 2, 1, 4, 4, 1, 2, 3, 1, 3, 4, 2, 2, 4, 3, 1]).
sudoku([699, 643, 584, 697, 615, 698, 646, 727, 707, 619, 734, 653, 659, 747, 708, 640],[3, 2, 1, 4, 1, 4, 2, 3, 4, 1, 3, 2, 2, 3, 4, 1]).
sudoku([753, 647, 690, 712, 719, 715, 652, 780, 663, 722, 782, 728, 731, 792, 736, 672],[3, 1, 2, 4, 4, 2, 1, 3, 1, 4, 3, 2, 2, 3, 4, 1]).
sudoku([675, 738, 795, 740, 801, 748, 682, 741, 744, 807, 752, 695, 757, 696, 764, 808],[1, 2, 3, 4, 3, 4, 1, 2, 2, 3, 4, 1, 4, 1, 2, 3]).
sudoku([760, 775, 700, 811, 815, 716, 762, 796, 725, 819, 799, 765, 816, 770, 847, 735],[4, 2, 1, 3, 3, 1, 4, 2, 1, 3, 2, 4, 2, 4, 3, 1]).
sudoku([774, 823, 745, 849, 749, 855, 776, 828, 865, 784, 830, 754, 837, 755, 883, 789],[4, 2, 1, 3, 1, 3, 4, 2, 3, 4, 2, 1, 2, 1, 3, 4]).
sudoku([887, 858, 802, 767, 803, 768, 890, 863, 772, 894, 867, 827, 868, 829, 777, 912],[3, 2, 4, 1, 4, 1, 3, 2, 1, 3, 2, 4, 2, 4, 1, 3]).
sudoku([873, 838, 923, 783, 790, 925, 875, 843, 881, 888, 798, 927, 933, 809, 901, 891],[2, 4, 3, 1, 1, 3, 2, 4, 4, 2, 1, 3, 3, 1, 4, 2]).
sudoku([938, 902, 818, 892, 824, 905, 944, 908, 919, 826, 910, 957, 916, 958, 921, 831],[3, 4, 1, 2, 1, 2, 3, 4, 2, 1, 4, 3, 4, 3, 2, 1]).
sudoku([922, 976, 835, 931, 953, 836, 982, 924, 991, 926, 959, 840, 848, 968, 939, 1020],[2, 3, 1, 4, 4, 1, 3, 2, 3, 2, 4, 1, 1, 4, 2, 3]).
sudoku([1028, 945, 850, 969, 971, 889, 974, 1042, 975, 1010, 1062, 900, 907, 1066, 1015, 980],[3, 2, 1, 4, 4, 1, 2, 3, 2, 4, 3, 1, 1, 3, 4, 2]).
sudoku([985, 1023, 1067, 918, 920, 1069, 1024, 990, 1043, 995, 929, 1072, 1092, 948, 996, 1051],[2, 4, 3, 1, 1, 3, 4, 2, 4, 2, 1, 3, 3, 1, 2, 4]).
sudoku([949, 1002, 1095, 1057, 1059, 1098, 1016, 956, 1109, 1060, 963, 1031, 1036, 964, 1077, 1114],[1, 2, 3, 4, 4, 3, 2, 1, 3, 4, 1, 2, 2, 1, 4, 3]).
sudoku([1078, 1127, 1049, 967, 1050, 977, 1080, 1128, 979, 1111, 1134, 1053, 1150, 1056, 984, 1112],[4, 3, 2, 1, 2, 1, 4, 3, 1, 4, 3, 2, 3, 2, 1, 4]).
sudoku([1116, 1064, 988, 1166, 1172, 994, 1065, 1140, 1004, 1142, 1204, 1076, 1132, 1205, 1145, 1008],[4, 2, 1, 3, 3, 1, 2, 4, 1, 4, 3, 2, 2, 3, 4, 1]).
sudoku([1208, 1147, 1011, 1138, 1155, 1019, 1157, 1215, 1025, 1174, 1239, 1158, 1159, 1265, 1177, 1027],[3, 4, 1, 2, 2, 1, 4, 3, 1, 2, 3, 4, 4, 3, 2, 1]).
sudoku([1184, 1278, 1160, 1030, 1163, 1037, 1284, 1187, 1290, 1207, 1038, 1167, 1040, 1178, 1210, 1291],[2, 3, 4, 1, 4, 1, 3, 2, 3, 2, 1, 4, 1, 4, 2, 3]).
sudoku([1298, 1224, 1054, 1222, 1075, 1230, 1310, 1227, 1242, 1315, 1237, 1083, 1245, 1097, 1253, 1317],[3, 2, 1, 4, 1, 4, 3, 2, 4, 3, 2, 1, 2, 1, 4, 3]).
sudoku([1263, 1354, 1251, 1129, 1256, 1136, 1264, 1367, 1137, 1270, 1383, 1262, 1384, 1269, 1139, 1274],[4, 3, 2, 1, 2, 1, 4, 3, 1, 4, 3, 2, 3, 2, 1, 4]).
sudoku([1303, 1179, 1275, 1426, 1442, 1279, 1335, 1180, 1189, 1336, 1463, 1300, 1301, 1469, 1193, 1337],[2, 1, 4, 3, 3, 4, 2, 1, 1, 2, 3, 4, 4, 3, 1, 2]).
sudoku([1472, 1341, 1201, 1306, 1313, 1211, 1479, 1345, 1213, 1314, 1348, 1480, 1349, 1489, 1323, 1214],[3, 2, 1, 4, 4, 1, 3, 2, 1, 4, 2, 3, 2, 3, 4, 1]).
sudoku([1490, 1330, 1352, 1236, 1356, 1238, 1495, 1342, 1357, 1503, 1240, 1365, 1254, 1372, 1382, 1513],[3, 4, 2, 1, 2, 1, 3, 4, 4, 3, 1, 2, 1, 2, 4, 3]).
sudoku([1257, 1374, 1519, 1391, 1531, 1413, 1280, 1375, 1419, 1295, 1381, 1539, 1395, 1586, 1422, 1302],[1, 2, 3, 4, 3, 4, 1, 2, 4, 1, 2, 3, 2, 3, 4, 1]).
sudoku([1305, 1427, 1588, 1402, 1407, 1591, 1316, 1437, 1600, 1409, 1440, 1318, 1453, 1329, 1410, 1601],[1, 4, 3, 2, 2, 3, 1, 4, 3, 2, 4, 1, 4, 1, 2, 3]).
sudoku([1605, 1412, 1461, 1338, 1465, 1350, 1607, 1431, 1351, 1488, 1432, 1608, 1446, 1611, 1358, 1509],[3, 2, 4, 1, 4, 1, 3, 2, 1, 4, 2, 3, 2, 3, 1, 4]).
sudoku([1511, 1451, 1360, 1612, 1615, 1368, 1459, 1516, 1392, 1529, 1617, 1462, 1485, 1628, 1542, 1397],[4, 2, 1, 3, 3, 1, 2, 4, 1, 4, 3, 2, 2, 3, 4, 1]).
sudoku([1547, 1506, 1403, 1661, 1681, 1424, 1514, 1549, 1518, 1683, 1552, 1430, 1434, 1557, 1690, 1538],[4, 2, 1, 3, 3, 1, 2, 4, 2, 3, 4, 1, 1, 4, 3, 2]).
sudoku([1448, 1546, 1561, 1727, 1571, 1730, 1551, 1483, 1731, 1575, 1484, 1574, 1585, 1515, 1738, 1580],[1, 2, 4, 3, 4, 3, 2, 1, 3, 4, 1, 2, 2, 1, 3, 4]).
sudoku([1604, 1527, 1742, 1599, 1614, 1746, 1528, 1609, 1548, 1625, 1620, 1763, 1765, 1642, 1634, 1555],[2, 1, 3, 4, 4, 3, 1, 2, 1, 4, 2, 3, 3, 2, 4, 1]).
sudoku([1582, 1769, 1644, 1636, 1649, 1654, 1779, 1603, 1656, 1630, 1652, 1789, 1797, 1665, 1633, 1658],[1, 3, 2, 4, 4, 2, 3, 1, 2, 1, 4, 3, 3, 4, 1, 2]).
sudoku([1679, 1798, 1678, 1643, 1646, 1682, 1680, 1803, 1689, 1657, 1804, 1701, 1828, 1706, 1659, 1696],[4, 3, 2, 1, 1, 2, 4, 3, 2, 1, 3, 4, 3, 4, 1, 2]).
sudoku([1711, 1667, 1720, 1832, 1724, 1837, 1673, 1722, 1840, 1735, 1749, 1674, 1691, 1771, 1845, 1751],[2, 1, 4, 3, 4, 3, 1, 2, 3, 4, 2, 1, 1, 2, 3, 4]).
sudoku([1856, 1767, 1704, 1790, 1795, 1707, 1778, 1889, 1786, 1913, 1802, 1715, 1728, 1811, 1923, 1815],[3, 4, 1, 2, 2, 1, 4, 3, 4, 3, 2, 1, 1, 2, 3, 4]).
sudoku([1817, 1729, 1816, 1926, 1849, 1928, 1824, 1736, 1753, 1862, 1953, 1839, 1962, 1842, 1760, 1864],[2, 1, 4, 3, 4, 3, 2, 1, 1, 4, 3, 2, 3, 2, 1, 4]).
sudoku([1976, 1865, 1766, 1863, 1773, 1871, 1872, 1983, 1890, 1780, 1997, 1920, 1924, 2008, 1891, 1785],[3, 4, 1, 2, 1, 2, 4, 3, 2, 1, 3, 4, 4, 3, 2, 1]).
sudoku([1791, 1895, 1929, 2011, 2020, 1938, 1820, 1915, 1927, 1829, 2025, 1956, 1958, 2031, 1930, 1830],[1, 2, 4, 3, 3, 4, 1, 2, 2, 1, 3, 4, 4, 3, 2, 1]).
sudoku([1932, 1963, 1834, 2032, 1835, 2045, 1978, 1936, 2069, 1836, 1947, 1980, 1985, 1957, 2072, 1838],[2, 4, 1, 3, 1, 3, 4, 2, 3, 1, 2, 4, 4, 2, 3, 1]).
sudoku([1965, 2075, 1989, 1844, 1861, 2005, 2076, 1984, 2080, 1867, 1991, 2007, 2012, 2044, 1868, 2083],[2, 3, 4, 1, 1, 4, 3, 2, 3, 1, 2, 4, 4, 2, 1, 3]).
sudoku([2022, 2055, 1876, 2086, 2105, 1884, 2058, 2043, 2082, 2109, 2046, 1885, 1897, 2053, 2128, 2085],[4, 2, 1, 3, 3, 1, 2, 4, 2, 3, 4, 1, 1, 4, 3, 2]).
sudoku([2092, 2074, 1900, 2139, 2151, 1909, 2098, 2084, 2090, 2101, 2153, 1922, 1934, 2174, 2094, 2108],[2, 4, 1, 3, 3, 1, 2, 4, 4, 2, 3, 1, 1, 3, 4, 2]).
sudoku([1939, 2222, 2117, 2110, 2112, 2120, 2229, 1945, 2230, 1986, 2122, 2124, 2130, 2126, 1988, 2255],[1, 3, 4, 2, 2, 4, 3, 1, 3, 1, 2, 4, 4, 2, 1, 3]).
sudoku([1993, 2145, 2133, 2280, 2281, 2138, 2148, 1994, 2157, 2284, 2010, 2165, 2169, 2013, 2288, 2158],[1, 4, 2, 3, 3, 2, 4, 1, 2, 3, 1, 4, 4, 1, 3, 2]).
sudoku([2176, 2015, 2173, 2300, 2183, 2303, 2184, 2017, 2305, 2186, 2018, 2197, 2027, 2201, 2308, 2191],[2, 1, 4, 3, 4, 3, 2, 1, 3, 2, 1, 4, 1, 4, 3, 2]).
sudoku([2198, 2202, 2312, 2034, 2347, 2041, 2200, 2205, 2051, 2348, 2206, 2242, 2218, 2248, 2071, 2351],[2, 4, 3, 1, 3, 1, 2, 4, 1, 3, 4, 2, 4, 2, 1, 3]).
sudoku([2136, 2253, 2223, 2364, 2392, 2249, 2254, 2137, 2251, 2154, 2405, 2260, 2269, 2408, 2164, 2256],[1, 2, 4, 3, 3, 4, 2, 1, 4, 1, 3, 2, 2, 3, 1, 4]).
sudoku([2296, 2264, 2424, 2166, 2427, 2171, 2265, 2299, 2175, 2431, 2311, 2306, 2307, 2327, 2182, 2441],[2, 4, 3, 1, 3, 1, 4, 2, 1, 3, 2, 4, 4, 2, 1, 3]).
sudoku([2350, 2221, 2450, 2319, 2330, 2453, 2228, 2353, 2501, 2336, 2354, 2235, 2239, 2374, 2338, 2502],[2, 1, 3, 4, 4, 3, 1, 2, 3, 4, 2, 1, 1, 2, 4, 3]).
sudoku([2390, 2340, 2511, 2245, 2522, 2258, 2391, 2363, 2261, 2533, 2368, 2396, 2371, 2397, 2266, 2534],[2, 4, 3, 1, 3, 1, 2, 4, 1, 3, 4, 2, 4, 2, 1, 3]).
sudoku([2273, 2549, 2412, 2373, 2415, 2375, 2276, 2551, 2386, 2429, 2555, 2277, 2560, 2283, 2394, 2432],[1, 3, 2, 4, 2, 4, 1, 3, 4, 2, 3, 1, 3, 1, 4, 2]).
sudoku([2433, 2566, 2287, 2401, 2402, 2302, 2575, 2437, 2583, 2439, 2404, 2315, 2316, 2436, 2446, 2587],[2, 3, 1, 4, 4, 1, 3, 2, 3, 2, 4, 1, 1, 4, 2, 3]).
sudoku([2440, 2324, 2459, 2594, 2462, 2618, 2335, 2447, 2343, 2457, 2623, 2475, 2624, 2481, 2464, 2355],[4, 1, 2, 3, 2, 3, 1, 4, 1, 4, 3, 2, 3, 2, 4, 1]).
sudoku([2356, 2489, 2629, 2488, 2632, 2491, 2357, 2498, 2495, 2634, 2499, 2358, 2509, 2359, 2496, 2639],[1, 4, 3, 2, 3, 2, 1, 4, 2, 3, 4, 1, 4, 1, 2, 3]).
sudoku([2500, 2366, 2514, 2647, 2530, 2663, 2379, 2503, 2398, 2517, 2681, 2537, 2684, 2613, 2572, 2409],[2, 1, 4, 3, 4, 3, 1, 2, 1, 2, 3, 4, 3, 4, 2, 1]).
sudoku([2411, 2690, 2596, 2615, 2630, 2602, 2712, 2416, 2610, 2418, 2645, 2716, 2723, 2658, 2421, 2621],[1, 3, 2, 4, 4, 2, 3, 1, 2, 1, 4, 3, 3, 4, 1, 2]).
sudoku([2434, 2625, 2731, 2659, 2675, 2745, 2444, 2635, 2652, 2473, 2678, 2756, 2767, 2680, 2662, 2504],[1, 2, 3, 4, 4, 3, 1, 2, 2, 1, 4, 3, 3, 4, 2, 1]).
sudoku([2770, 2664, 2510, 2683, 2701, 2519, 2776, 2669, 2679, 2785, 2708, 2524, 2529, 2709, 2699, 2799],[3, 2, 1, 4, 4, 1, 3, 2, 2, 3, 4, 1, 1, 4, 2, 3]).
sudoku([2726, 2715, 2807, 2541, 2813, 2553, 2771, 2729, 2778, 2741, 2576, 2840, 2590, 2853, 2752, 2804],[2, 4, 3, 1, 3, 1, 4, 2, 4, 2, 1, 3, 1, 3, 2, 4]).
sudoku([2599, 2780, 2806, 2865, 2871, 2818, 2784, 2612, 2819, 2881, 2626, 2787, 2802, 2655, 2884, 2828],[1, 2, 4, 3, 3, 4, 2, 1, 4, 3, 1, 2, 2, 1, 3, 4]).
sudoku([2893, 2835, 2838, 2661, 2674, 2848, 2836, 2906, 2861, 2676, 2914, 2847, 2872, 2921, 2688, 2864],[3, 4, 2, 1, 1, 2, 4, 3, 2, 1, 3, 4, 4, 3, 1, 2]).
sudoku([2877, 2924, 2693, 2891, 2904, 2704, 2927, 2879, 2705, 2882, 2910, 2931, 2945, 2918, 2886, 2706],[4, 3, 1, 2, 2, 1, 3, 4, 1, 4, 2, 3, 3, 2, 4, 1]).
sudoku([2940, 2952, 2719, 2889, 2722, 2898, 2953, 2959, 2900, 2725, 2971, 2955, 2978, 2977, 2901, 2734],[2, 3, 1, 4, 1, 4, 3, 2, 4, 1, 2, 3, 3, 2, 4, 1]).
sudoku([2981, 2985, 2746, 2907, 2917, 2753, 3004, 2989, 2757, 2936, 2991, 3021, 2992, 3035, 2938, 2786],[2, 3, 1, 4, 4, 1, 2, 3, 1, 4, 3, 2, 3, 2, 4, 1]).
sudoku([2788, 3010, 3037, 2963, 2998, 3047, 3015, 2789, 3048, 2803, 3017, 3045, 3049, 3024, 2815, 3057],[1, 3, 2, 4, 4, 2, 3, 1, 2, 1, 4, 3, 3, 4, 1, 2]).
sudoku([2816, 3074, 3025, 3071, 3029, 3081, 2822, 3078, 3089, 2825, 3080, 3042, 3082, 3066, 3105, 2827],[1, 3, 4, 2, 4, 2, 1, 3, 2, 1, 3, 4, 3, 4, 2, 1]).
sudoku([3083, 2867, 3106, 3069, 3076, 3116, 2868, 3085, 2878, 3086, 3094, 3128, 3134, 3104, 3096, 2880],[3, 1, 2, 4, 4, 2, 1, 3, 1, 4, 3, 2, 2, 3, 4, 1]).
sudoku([2885, 3114, 3108, 3142, 3110, 3151, 2902, 3123, 3133, 2912, 3176, 3120, 3180, 3129, 3137, 2928],[1, 4, 3, 2, 3, 2, 1, 4, 4, 1, 2, 3, 2, 3, 4, 1]).
sudoku([3154, 3195, 2943, 3131, 2946, 3138, 3155, 3201, 3207, 3169, 3146, 2950, 3150, 2965, 3212, 3172],[4, 2, 1, 3, 1, 3, 4, 2, 2, 4, 3, 1, 3, 1, 2, 4]).
sudoku([3174, 3223, 2974, 3167, 2982, 3177, 3229, 3188, 3239, 3194, 3193, 2984, 3217, 2997, 3228, 3250],[4, 2, 1, 3, 1, 3, 2, 4, 2, 4, 3, 1, 3, 1, 4, 2]).
sudoku([3221, 3003, 3256, 3232, 3233, 3257, 3248, 3014, 3258, 3234, 3019, 3261, 3026, 3283, 3235, 3260],[3, 1, 2, 4, 4, 2, 3, 1, 2, 4, 1, 3, 1, 3, 4, 2]).
sudoku([3247, 3285, 3027, 3267, 3274, 3039, 3290, 3249, 3299, 3278, 3280, 3050, 3070, 3293, 3282, 3300],[4, 3, 1, 2, 2, 1, 3, 4, 3, 4, 2, 1, 1, 2, 4, 3]).
sudoku([3326, 3301, 3073, 3288, 3291, 3092, 3363, 3318, 3327, 3381, 3298, 3097, 3099, 3332, 3330, 3390],[3, 2, 1, 4, 4, 1, 3, 2, 2, 3, 4, 1, 1, 4, 2, 3]).
sudoku([3341, 3124, 3337, 3407, 3339, 3409, 3357, 3126, 3132, 3355, 3432, 3366, 3443, 3370, 3143, 3367],[4, 1, 2, 3, 2, 3, 4, 1, 1, 2, 3, 4, 3, 4, 1, 2]).
sudoku([3377, 3148, 3375, 3448, 3384, 3449, 3152, 3388, 3456, 3396, 3397, 3175, 3196, 3405, 3469, 3415],[4, 1, 2, 3, 2, 3, 1, 4, 3, 2, 4, 1, 1, 4, 3, 2]).
sudoku([3475, 3435, 3410, 3203, 3429, 3211, 3476, 3436, 3474, 3484, 3214, 3431, 3227, 3437, 3482, 3486],[3, 2, 4, 1, 4, 1, 3, 2, 2, 3, 1, 4, 1, 4, 2, 3]).
sudoku([3487, 3444, 3230, 3489, 3508, 3231, 3463, 3493, 3237, 3515, 3510, 3465, 3490, 3511, 3527, 3244],[3, 4, 1, 2, 2, 1, 4, 3, 1, 3, 2, 4, 4, 2, 3, 1]).
sudoku([3253, 3513, 3528, 3495, 3497, 3531, 3514, 3255, 3522, 3259, 3500, 3548, 3549, 3517, 3264, 3547],[1, 2, 3, 4, 4, 3, 2, 1, 2, 1, 4, 3, 3, 4, 1, 2]).
sudoku([3268, 3523, 3579, 3566, 3620, 3577, 3272, 3530, 3533, 3630, 3578, 3276, 3599, 3281, 3534, 3642],[1, 4, 3, 2, 3, 2, 1, 4, 4, 3, 2, 1, 2, 1, 4, 3]).
sudoku([3314, 3600, 3659, 3541, 3670, 3542, 3611, 3320, 3543, 3686, 3351, 3628, 3655, 3353, 3544, 3701],[1, 2, 3, 4, 3, 4, 2, 1, 4, 3, 1, 2, 2, 1, 4, 3]).
sudoku([3715, 3658, 3551, 3354, 3561, 3379, 3661, 3717, 3668, 3738, 3380, 3568, 3386, 3571, 3739, 3675],[3, 2, 4, 1, 4, 1, 2, 3, 2, 3, 1, 4, 1, 4, 3, 2]).
sudoku([3740, 3596, 3419, 3681, 3420, 3682, 3742, 3607, 3610, 3746, 3694, 3421, 3696, 3430, 3612, 3766],[3, 4, 1, 2, 1, 2, 3, 4, 4, 3, 2, 1, 2, 1, 4, 3]).
sudoku([3433, 3769, 3703, 3615, 3729, 3621, 3434, 3787, 3653, 3731, 3795, 3438, 3812, 3452, 3672, 3772],[1, 3, 2, 4, 2, 4, 1, 3, 4, 2, 3, 1, 3, 1, 4, 2]).
sudoku([3454, 3773, 3824, 3676, 3825, 3684, 3455, 3775, 3685, 3457, 3785, 3834, 3796, 3896, 3700, 3464],[1, 2, 3, 4, 3, 4, 1, 2, 4, 1, 2, 3, 2, 3, 4, 1]).
sudoku([3718, 3802, 3471, 3897, 3480, 3910, 3722, 3811, 3817, 3532, 3916, 3726, 3943, 3728, 3823, 3546],[4, 2, 1, 3, 1, 3, 4, 2, 2, 1, 3, 4, 3, 4, 2, 1]).
sudoku([3832, 3752, 3562, 3944, 3947, 3582, 3758, 3839, 3586, 3953, 3844, 3770, 3780, 3862, 3962, 3593],[2, 4, 1, 3, 3, 1, 4, 2, 1, 3, 2, 4, 4, 2, 3, 1]).
sudoku([3792, 3876, 3598, 3965, 3601, 3975, 3793, 3899, 3977, 3605, 3904, 3819, 3909, 3828, 3995, 3606],[4, 2, 1, 3, 1, 3, 4, 2, 3, 1, 2, 4, 2, 4, 3, 1]).
sudoku([3912, 3625, 4002, 3841, 3865, 4004, 3638, 3913, 3639, 3875, 3921, 4018, 4026, 3932, 3915, 3641],[2, 1, 3, 4, 4, 3, 1, 2, 1, 4, 2, 3, 3, 2, 4, 1]).
sudoku([3648, 3933, 4044, 3938, 3941, 4084, 3649, 3945, 3946, 3651, 3956, 4087, 4097, 3971, 3958, 3652],[1, 2, 3, 4, 4, 3, 1, 2, 2, 1, 4, 3, 3, 4, 2, 1]).
sudoku([3996, 3669, 4106, 3963, 3986, 4109, 3673, 3998, 4120, 4038, 4001, 3679, 3689, 4012, 4055, 4128],[4, 1, 3, 2, 2, 3, 1, 4, 3, 2, 4, 1, 1, 4, 2, 3]).
sudoku([4162, 4017, 3699, 4066, 4098, 3733, 4024, 4164, 3741, 4100, 4220, 4029, 4042, 4222, 4103, 3745],[3, 4, 1, 2, 2, 1, 4, 3, 1, 2, 3, 4, 4, 3, 2, 1]).
sudoku([3747, 4234, 4046, 4113, 4060, 4114, 3761, 4242, 4244, 4071, 4115, 3765, 4127, 3777, 4256, 4172],[1, 3, 4, 2, 4, 2, 1, 3, 3, 4, 2, 1, 2, 1, 3, 4]).
sudoku([4133, 4192, 3779, 4270, 3784, 4276, 4135, 4194, 4277, 3786, 4197, 4149, 4217, 4156, 4288, 3789],[2, 4, 1, 3, 1, 3, 2, 4, 3, 1, 4, 2, 4, 2, 3, 1]).
sudoku([4221, 3809, 4161, 4306, 4311, 4167, 3815, 4223, 3843, 4317, 4229, 4173, 4176, 4258, 4334, 3851],[4, 1, 2, 3, 3, 2, 1, 4, 1, 3, 4, 2, 2, 4, 3, 1]).
sudoku([4180, 4335, 3852, 4265, 3858, 4266, 4187, 4352, 4366, 3866, 4268, 4189, 4269, 4204, 4393, 3894],[2, 3, 1, 4, 1, 4, 2, 3, 3, 1, 4, 2, 4, 2, 3, 1]).
sudoku([4205, 4397, 3900, 4291, 3906, 4313, 4206, 4406, 4324, 4247, 4430, 3919, 4435, 3922, 4332, 4248],[2, 3, 1, 4, 1, 4, 2, 3, 4, 2, 3, 1, 3, 1, 4, 2]).
sudoku([3925, 4437, 4373, 4250, 4377, 4260, 3930, 4443, 4274, 3937, 4469, 4379, 4492, 4382, 4275, 3974],[1, 3, 4, 2, 4, 2, 1, 3, 2, 1, 3, 4, 3, 4, 2, 1]).
sudoku([4279, 3983, 4494, 4396, 4414, 4501, 4289, 3990, 4005, 4296, 4421, 4509, 4526, 4431, 4006, 4326],[2, 1, 3, 4, 4, 3, 2, 1, 1, 2, 4, 3, 3, 4, 1, 2]).
sudoku([4528, 4339, 4010, 4438, 4013, 4458, 4532, 4341, 4465, 4535, 4342, 4014, 4345, 4021, 4468, 4537],[3, 2, 1, 4, 1, 4, 3, 2, 4, 3, 2, 1, 2, 1, 4, 3]).
sudoku([4350, 4541, 4025, 4475, 4481, 4032, 4552, 4354, 4035, 4483, 4367, 4581, 4586, 4384, 4490, 4036],[2, 3, 1, 4, 4, 1, 3, 2, 1, 4, 2, 3, 3, 2, 4, 1]).
sudoku([4600, 4385, 4039, 4514, 4050, 4519, 4387, 4605, 4544, 4057, 4613, 4401, 4402, 4621, 4558, 4069],[3, 2, 1, 4, 1, 4, 2, 3, 4, 1, 3, 2, 2, 3, 4, 1]).
sudoku([4567, 4415, 4630, 4074, 4077, 4635, 4575, 4418, 4427, 4576, 4085, 4638, 4647, 4104, 4442, 4590],[4, 2, 3, 1, 1, 3, 4, 2, 2, 4, 1, 3, 3, 1, 2, 4]).
sudoku([4657, 4105, 4445, 4598, 4609, 4451, 4110, 4664, 4138, 4652, 4688, 4456, 4476, 4703, 4661, 4144],[3, 1, 2, 4, 4, 2, 1, 3, 1, 4, 3, 2, 2, 3, 4, 1]).
sudoku([4147, 4695, 4714, 4482, 4727, 4503, 4153, 4721, 4738, 4168, 4504, 4740, 4506, 4755, 4745, 4169],[1, 4, 3, 2, 3, 2, 1, 4, 4, 1, 2, 3, 2, 3, 4, 1]).
sudoku([4751, 4758, 4170, 4510, 4517, 4171, 4768, 4770, 4178, 4521, 4782, 4772, 4785, 4783, 4546, 4179],[4, 3, 1, 2, 2, 1, 4, 3, 1, 2, 3, 4, 3, 4, 2, 1]).
sudoku([4791, 4181, 4549, 4796, 4559, 4802, 4803, 4185, 4808, 4562, 4190, 4813, 4191, 4826, 4818, 4573],[4, 1, 2, 3, 2, 3, 4, 1, 3, 2, 1, 4, 1, 4, 3, 2]).
sudoku([4827, 4833, 4195, 4582, 4594, 4201, 4842, 4836, 4841, 4860, 4615, 4212, 4216, 4625, 4854, 4866],[4, 3, 1, 2, 2, 1, 4, 3, 3, 4, 2, 1, 1, 2, 3, 4]).
sudoku([4632, 4873, 4893, 4232, 4896, 4249, 4636, 4885, 4262, 4656, 4894, 4906, 4904, 4911, 4264, 4666],[2, 3, 4, 1, 4, 1, 2, 3, 1, 2, 3, 4, 3, 4, 1, 2]).
sudoku([4668, 4267, 4912, 4907, 4925, 4916, 4684, 4273, 4292, 4705, 4928, 4929, 4946, 4940, 4303, 4709],[2, 1, 4, 3, 3, 4, 2, 1, 1, 2, 3, 4, 4, 3, 1, 2]).
sudoku([4304, 4974, 4710, 4973, 4713, 4983, 4308, 4976, 4990, 4318, 4987, 4716, 4998, 4723, 4996, 4328],[1, 4, 2, 3, 2, 3, 1, 4, 3, 1, 4, 2, 4, 2, 3, 1]).
sudoku([5000, 4725, 4331, 5004, 5023, 4337, 4734, 5019, 4349, 5028, 5027, 4775, 4801, 5032, 5038, 4386],[3, 2, 1, 4, 4, 1, 2, 3, 1, 3, 4, 2, 2, 4, 3, 1]).
sudoku([4805, 5046, 4409, 5039, 5047, 4428, 4812, 5054, 4450, 5055, 5062, 4816, 5067, 4848, 5063, 4491],[2, 3, 1, 4, 4, 1, 2, 3, 1, 4, 3, 2, 3, 2, 4, 1]).
sudoku([5068, 5074, 4507, 4870, 4516, 4876, 5078, 5076, 4878, 4524, 5082, 5140, 5143, 5084, 4889, 4525],[4, 3, 1, 2, 1, 2, 3, 4, 2, 1, 4, 3, 3, 4, 2, 1]).
sudoku([4899, 4533, 5146, 5096, 5101, 5150, 4538, 4905, 5158, 5104, 4920, 4563, 4564, 4939, 5123, 5168],[2, 1, 3, 4, 4, 3, 1, 2, 3, 4, 2, 1, 1, 2, 4, 3]).
sudoku([4574, 5181, 4941, 5126, 4943, 5151, 4580, 5185, 5212, 4588, 5159, 4944, 5169, 4950, 5214, 4589],[1, 3, 2, 4, 2, 4, 1, 3, 3, 1, 4, 2, 4, 2, 3, 1]).
sudoku([4595, 5215, 5175, 4954, 5178, 4961, 5224, 4597, 4962, 5191, 4602, 5225, 5237, 4603, 4964, 5195],[1, 3, 4, 2, 4, 2, 3, 1, 2, 4, 1, 3, 3, 1, 2, 4]).
sudoku([5200, 4606, 4965, 5245, 4969, 5248, 5201, 4643, 4646, 5202, 5273, 4981, 5283, 4985, 4651, 5239],[4, 1, 2, 3, 2, 3, 4, 1, 1, 4, 3, 2, 3, 2, 1, 4]).
sudoku([4995, 4653, 5293, 5256, 5309, 5260, 4655, 4997, 5274, 5328, 5018, 4670, 4674, 5024, 5284, 5329],[2, 1, 3, 4, 3, 4, 1, 2, 4, 3, 2, 1, 1, 2, 4, 3]).
sudoku([5037, 4676, 5294, 5330, 5336, 5312, 5045, 4685, 4687, 5053, 5346, 5319, 5322, 5356, 4691, 5086],[2, 1, 4, 3, 3, 4, 2, 1, 1, 2, 3, 4, 4, 3, 1, 2]).
sudoku([5358, 4708, 5089, 5335, 5095, 5345, 5359, 4717, 5348, 5099, 4719, 5382, 4729, 5408, 5355, 5105],[3, 1, 2, 4, 2, 4, 3, 1, 4, 2, 1, 3, 1, 3, 4, 2]).
sudoku([4732, 5119, 5418, 5362, 5393, 5446, 5120, 4733, 5454, 4754, 5395, 5125, 5127, 5409, 4759, 5468],[1, 2, 3, 4, 4, 3, 2, 1, 3, 1, 4, 2, 2, 4, 1, 3]).
sudoku([5419, 4764, 5149, 5472, 5479, 5157, 5426, 4774, 5167, 5492, 4778, 5439, 4806, 5440, 5504, 5189],[4, 1, 2, 3, 3, 2, 4, 1, 2, 3, 1, 4, 1, 4, 3, 2]).
sudoku([5192, 5444, 5508, 4847, 5516, 4853, 5448, 5216, 4858, 5538, 5217, 5464, 5474, 5250, 4859, 5542],[2, 4, 3, 1, 3, 1, 4, 2, 1, 3, 2, 4, 4, 2, 1, 3]).
sudoku([4864, 5476, 5264, 5555, 5266, 5573, 5500, 4869, 5583, 5267, 4871, 5509, 5517, 4872, 5585, 5272],[1, 4, 2, 3, 2, 3, 4, 1, 3, 2, 1, 4, 4, 1, 3, 2]).
sudoku([5596, 4877, 5525, 5282, 5556, 5292, 5606, 4903, 4909, 5559, 5308, 5616, 5338, 5623, 4917, 5561],[3, 1, 4, 2, 4, 2, 3, 1, 1, 4, 2, 3, 2, 3, 1, 4]).
sudoku([5340, 5564, 4924, 5625, 5628, 4927, 5577, 5366, 5597, 5367, 5635, 4930, 4931, 5638, 5381, 5607],[2, 4, 1, 3, 3, 1, 4, 2, 4, 2, 3, 1, 1, 3, 2, 4]).
sudoku([4932, 5385, 5674, 5617, 5687, 5631, 5390, 4949, 5392, 4951, 5664, 5700, 5676, 5703, 4953, 5407],[1, 2, 3, 4, 3, 4, 2, 1, 2, 1, 4, 3, 4, 3, 1, 2]).
sudoku([5417, 4972, 5677, 5708, 5691, 5724, 4977, 5427, 4984, 5436, 5734, 5696, 5740, 5698, 5449, 5005],[2, 1, 4, 3, 4, 3, 1, 2, 1, 2, 3, 4, 3, 4, 2, 1]).
sudoku([5747, 5713, 5013, 5455, 5475, 5014, 5720, 5760, 5725, 5764, 5487, 5025, 5036, 5494, 5766, 5741],[3, 4, 1, 2, 2, 1, 4, 3, 4, 3, 2, 1, 1, 2, 3, 4]).
sudoku([5780, 5502, 5044, 5758, 5052, 5774, 5796, 5507, 5515, 5072, 5782, 5804, 5792, 5814, 5521, 5081],[3, 2, 1, 4, 1, 4, 3, 2, 2, 1, 4, 3, 4, 3, 2, 1]).
sudoku([5815, 5816, 5536, 5090, 5091, 5541, 5824, 5817, 5822, 5841, 5092, 5545, 5557, 5093, 5825, 5850],[3, 4, 2, 1, 1, 2, 3, 4, 4, 3, 1, 2, 2, 1, 4, 3]).
sudoku([5832, 5112, 5860, 5562, 5595, 5878, 5842, 5113, 5882, 5605, 5128, 5851, 5132, 5888, 5615, 5892],[4, 1, 3, 2, 2, 3, 4, 1, 3, 2, 1, 4, 1, 4, 2, 3]).
sudoku([5904, 5900, 5626, 5148, 5156, 5629, 5912, 5923, 5926, 5925, 5166, 5634, 5636, 5186, 5927, 5935],[3, 4, 2, 1, 1, 2, 3, 4, 4, 3, 1, 2, 2, 1, 4, 3]).
sudoku([5193, 5641, 5945, 5936, 5946, 5955, 5643, 5203, 5973, 5956, 5208, 5667, 5692, 5211, 5969, 6009],[1, 2, 3, 4, 4, 3, 2, 1, 3, 4, 1, 2, 2, 1, 4, 3]).
sudoku([5227, 5716, 6011, 5975, 6023, 5979, 5232, 5717, 5986, 5252, 5723, 6030, 5733, 6034, 6013, 5254],[1, 2, 3, 4, 3, 4, 1, 2, 4, 1, 2, 3, 2, 3, 4, 1]).
sudoku([5739, 6045, 5258, 6019, 6021, 5271, 6046, 5748, 5281, 5761, 6025, 6059, 6061, 6037, 5763, 5291],[2, 3, 1, 4, 4, 1, 3, 2, 1, 2, 4, 3, 3, 4, 2, 1]).
sudoku([5314, 5767, 6065, 6066, 6075, 6076, 5772, 5316, 5785, 5318, 6086, 6085, 6100, 6096, 5323, 5799],[1, 2, 3, 4, 3, 4, 2, 1, 2, 1, 4, 3, 4, 3, 1, 2]).
sudoku([5327, 6102, 5820, 6103, 5823, 6107, 6138, 5331, 6116, 5829, 5350, 6143, 6144, 5361, 6139, 5840],[1, 4, 2, 3, 2, 3, 4, 1, 3, 2, 1, 4, 4, 1, 3, 2]).
sudoku([5370, 6151, 5849, 6152, 6169, 5863, 5384, 6160, 6174, 5399, 6175, 5879, 5883, 6176, 6177, 5406],[1, 3, 2, 4, 4, 2, 1, 3, 3, 1, 4, 2, 2, 4, 3, 1]).
sudoku([5895, 5416, 6185, 6184, 6194, 6195, 5431, 5907, 6205, 6204, 5921, 5442, 5453, 5924, 6213, 6220],[2, 1, 4, 3, 3, 4, 1, 2, 4, 3, 2, 1, 1, 2, 3, 4]).
sudoku([5931, 5457, 6226, 6251, 6255, 6256, 5934, 5460, 5461, 6260, 6265, 5944, 6268, 5954, 5477, 6272],[2, 1, 3, 4, 3, 4, 2, 1, 1, 3, 4, 2, 4, 2, 1, 3]).
sudoku([5983, 6285, 6271, 5486, 6273, 5490, 6010, 6289, 5499, 6284, 6290, 6014, 6299, 6027, 5506, 6295],[2, 3, 4, 1, 4, 1, 2, 3, 1, 4, 3, 2, 3, 2, 1, 4]).
sudoku([6035, 6300, 6312, 5514, 5520, 6322, 6313, 6036, 6331, 6041, 5524, 6323, 6332, 5534, 6051, 6349],[2, 4, 3, 1, 1, 3, 4, 2, 3, 2, 1, 4, 4, 1, 2, 3]).
sudoku([5535, 6365, 6362, 6052, 6057, 6367, 6370, 5544, 6371, 5550, 6064, 6369, 6373, 6074, 5552, 6379],[1, 3, 4, 2, 2, 4, 3, 1, 3, 1, 2, 4, 4, 2, 1, 3]).
sudoku([6084, 6378, 6381, 5553, 6382, 5566, 6396, 6093, 6417, 6106, 5588, 6389, 5590, 6413, 6109, 6427],[2, 4, 3, 1, 3, 1, 4, 2, 4, 2, 1, 3, 1, 3, 2, 4]).
sudoku([6433, 5594, 6421, 6111, 6432, 6118, 6448, 5604, 6123, 6440, 5614, 6460, 5630, 6474, 6132, 6447],[4, 1, 3, 2, 3, 2, 4, 1, 2, 3, 1, 4, 1, 4, 2, 3]).
sudoku([6475, 6453, 5637, 6156, 6180, 5642, 6455, 6488, 6465, 6516, 6183, 5646, 5651, 6193, 6529, 6481],[4, 3, 1, 2, 2, 1, 3, 4, 3, 4, 2, 1, 1, 2, 4, 3]).
sudoku([5661, 6203, 6494, 6536, 6543, 6501, 6217, 5666, 6504, 6547, 5679, 6225, 6234, 5689, 6552, 6511],[1, 2, 3, 4, 4, 3, 2, 1, 3, 4, 1, 2, 2, 1, 4, 3]).
sudoku([6517, 6553, 6240, 5699, 5722, 6246, 6559, 6535, 6579, 6542, 5732, 6266, 6274, 5738, 6551, 6582],[3, 4, 2, 1, 1, 2, 4, 3, 4, 3, 1, 2, 2, 1, 3, 4]).
sudoku([6563, 5746, 6279, 6585, 6281, 6626, 6564, 5759, 6637, 6569, 5762, 6305, 5776, 6311, 6647, 6570],[3, 1, 2, 4, 2, 4, 3, 1, 4, 3, 1, 2, 1, 2, 4, 3]).
sudoku([5783, 6575, 6321, 6660, 6330, 6687, 5786, 6593, 6624, 6337, 6689, 5794, 6695, 5809, 6636, 6340],[1, 3, 2, 4, 2, 4, 1, 3, 3, 2, 4, 1, 4, 1, 3, 2]).
sudoku([6696, 6345, 6646, 5811, 6664, 5831, 6699, 6352, 6357, 6665, 5839, 6700, 5848, 6705, 6384, 6676],[4, 2, 3, 1, 3, 1, 4, 2, 2, 3, 1, 4, 1, 4, 2, 3]).
sudoku([5859, 6715, 6681, 6391, 6412, 6690, 6723, 5872, 6704, 6418, 5873, 6734, 6737, 5880, 6423, 6714],[1, 4, 3, 2, 2, 3, 4, 1, 3, 2, 1, 4, 4, 1, 2, 3]).
sudoku([6722, 6738, 5889, 6431, 5893, 6439, 6727, 6742, 6759, 5896, 6446, 6736, 6462, 6739, 6761, 5902],[3, 4, 1, 2, 1, 2, 3, 4, 4, 1, 2, 3, 2, 3, 4, 1]).
sudoku([6769, 6745, 5915, 6466, 6469, 5917, 6780, 6763, 5933, 6480, 6767, 6802, 6790, 6812, 6497, 5943],[4, 3, 1, 2, 2, 1, 4, 3, 1, 2, 3, 4, 3, 4, 2, 1]).
sudoku([6794, 6822, 5953, 6499, 6513, 5970, 6854, 6801, 6859, 6519, 6811, 5978, 5984, 6821, 6521, 6861],[3, 4, 1, 2, 2, 1, 4, 3, 4, 2, 3, 1, 1, 3, 2, 4]).
sudoku([6528, 6865, 6840, 5991, 5998, 6857, 6867, 6534, 6862, 6541, 6005, 6872, 6890, 6008, 6554, 6863],[2, 4, 3, 1, 1, 3, 4, 2, 3, 2, 1, 4, 4, 1, 2, 3]).
sudoku([6562, 6873, 6911, 6012, 6044, 6915, 6875, 6566, 6924, 6574, 6058, 6876, 6882, 6060, 6581, 6931],[2, 3, 4, 1, 1, 4, 3, 2, 4, 2, 1, 3, 3, 1, 2, 4]).
sudoku([6063, 6907, 6941, 6584, 6951, 6594, 6073, 6918, 6930, 6083, 6607, 6974, 6614, 6983, 6940, 6092],[1, 3, 4, 2, 4, 2, 1, 3, 3, 1, 2, 4, 2, 4, 3, 1]).
sudoku([6101, 6990, 6950, 6616, 6957, 6635, 6108, 6995, 6997, 6110, 6645, 6973, 6677, 6975, 6999, 6115],[1, 4, 3, 2, 3, 2, 1, 4, 4, 1, 2, 3, 2, 3, 4, 1]).
sudoku([6698, 6125, 7009, 6982, 6985, 7033, 6135, 6703, 7045, 6713, 7006, 6141, 6159, 7010, 6721, 7047],[2, 1, 4, 3, 3, 4, 1, 2, 4, 2, 3, 1, 1, 3, 2, 4]).
sudoku([7024, 6162, 7056, 6732, 6744, 7066, 6182, 7026, 7076, 7040, 6754, 6192, 6202, 6773, 7055, 7083],[3, 1, 4, 2, 2, 4, 1, 3, 4, 3, 2, 1, 1, 2, 3, 4]).
sudoku([7085, 6785, 6222, 7065, 6224, 7075, 6796, 7092, 6797, 7096, 7097, 6231, 7103, 6232, 7101, 6800],[4, 2, 1, 3, 1, 3, 2, 4, 2, 4, 3, 1, 3, 1, 4, 2]).
sudoku([6810, 7104, 6233, 7102, 6239, 7125, 6820, 7117, 7119, 6828, 7137, 6254, 7153, 6276, 7130, 6831],[2, 3, 1, 4, 1, 4, 2, 3, 3, 2, 4, 1, 4, 1, 3, 2]).
sudoku([7131, 7169, 6836, 6278, 6844, 6308, 7140, 7177, 7186, 6849, 6310, 7157, 6320, 7170, 7194, 6878],[3, 4, 2, 1, 2, 1, 3, 4, 4, 2, 1, 3, 1, 3, 4, 2]).
sudoku([6329, 7185, 7201, 6885, 6906, 7206, 7193, 6338, 7218, 6912, 6356, 7207, 7211, 6374, 6920, 7251],[1, 3, 4, 2, 2, 4, 3, 1, 4, 2, 1, 3, 3, 1, 2, 4]).
sudoku([7214, 6929, 6375, 7273, 7283, 6397, 6939, 7215, 6949, 7293, 7222, 6407, 6408, 7233, 7301, 6989],[3, 2, 1, 4, 4, 1, 2, 3, 2, 4, 3, 1, 1, 3, 4, 2]).
sudoku([6419, 7316, 7248, 6993, 7001, 7250, 6430, 7332, 7338, 6438, 7002, 7252, 7257, 7007, 7341, 6445],[1, 4, 3, 2, 2, 3, 1, 4, 4, 1, 2, 3, 3, 2, 4, 1]).
sudoku([7361, 7272, 7012, 6456, 7013, 6468, 7366, 7282, 6472, 7376, 7292, 7015, 7311, 7022, 6482, 7391],[4, 3, 2, 1, 2, 1, 4, 3, 1, 4, 3, 2, 3, 2, 1, 4]).
sudoku([7394, 6484, 7054, 7312, 7064, 7326, 7402, 6502, 6506, 7408, 7329, 7074, 7333, 7093, 6515, 7413],[4, 1, 2, 3, 2, 3, 4, 1, 1, 4, 3, 2, 3, 2, 1, 4]).
sudoku([7350, 7100, 7421, 6527, 6533, 7423, 7365, 7115, 7425, 6540, 7120, 7374, 7135, 7396, 6545, 7429],[3, 2, 4, 1, 1, 4, 3, 2, 4, 1, 2, 3, 2, 3, 1, 4]).
sudoku([7147, 6556, 7434, 7398, 7456, 7401, 7151, 6572, 7407, 7473, 6601, 7154, 6604, 7156, 7431, 7488],[2, 1, 4, 3, 4, 3, 2, 1, 3, 4, 1, 2, 1, 2, 3, 4]).
sudoku([7494, 7435, 6618, 7163, 7184, 6622, 7510, 7436, 7458, 7520, 7192, 6623, 6628, 7205, 7470, 7530],[4, 3, 1, 2, 2, 1, 4, 3, 3, 4, 2, 1, 1, 2, 3, 4]).
sudoku([7550, 6634, 7212, 7476, 7479, 7229, 7560, 6644, 6652, 7574, 7484, 7235, 7237, 7501, 6661, 7589],[4, 1, 2, 3, 3, 2, 4, 1, 1, 4, 3, 2, 2, 3, 1, 4]).
sudoku([7611, 6670, 7245, 7509, 7249, 7519, 6673, 7621, 7529, 7266, 7629, 6678, 6680, 7653, 7543, 7271],[4, 1, 2, 3, 2, 3, 1, 4, 3, 2, 4, 1, 1, 4, 3, 2]).
sudoku([7551, 6683, 7281, 7657, 7291, 7662, 6688, 7554, 7664, 7308, 7568, 6694, 6702, 7590, 7669, 7321],[3, 1, 2, 4, 2, 4, 1, 3, 4, 2, 3, 1, 1, 3, 4, 2]).
sudoku([7327, 7696, 6712, 7595, 7610, 6720, 7328, 7704, 7726, 7345, 7620, 6726, 6729, 7628, 7731, 7348],[2, 4, 1, 3, 3, 1, 2, 4, 4, 2, 3, 1, 1, 3, 4, 2]).
sudoku([6733, 7741, 7639, 7349, 7644, 7359, 6743, 7751, 7759, 7656, 7364, 6748, 7386, 6751, 7764, 7674],[1, 4, 3, 2, 3, 2, 1, 4, 4, 3, 2, 1, 2, 1, 4, 3]).
sudoku([6757, 7675, 7400, 7775, 7406, 7818, 6758, 7690, 7833, 6783, 7692, 7412, 7714, 7420, 7834, 6789],[1, 3, 2, 4, 2, 4, 1, 3, 4, 1, 3, 2, 3, 2, 4, 1]).
sudoku([7719, 7457, 7836, 6799, 7879, 6809, 7469, 7730, 6819, 7883, 7740, 7472, 7482, 7750, 6829, 7885],[3, 2, 4, 1, 4, 1, 2, 3, 1, 4, 3, 2, 2, 3, 1, 4]).
sudoku([6848, 7483, 7910, 7763, 7771, 7937, 6868, 7486, 7947, 7798, 7492, 6869, 7497, 6883, 7800, 7957],[1, 2, 4, 3, 3, 4, 1, 2, 4, 3, 2, 1, 2, 1, 3, 4]).
sudoku([6891, 7972, 7508, 7804, 7518, 7821, 6901, 7976, 7829, 7528, 7982, 6902, 7984, 6913, 7831, 7539],[1, 4, 2, 3, 2, 3, 1, 4, 3, 2, 4, 1, 4, 1, 3, 2]).
sudoku([8000, 6917, 7841, 7564, 7849, 7570, 8011, 6928, 6938, 8033, 7572, 7858, 7575, 7875, 6948, 8039],[4, 1, 3, 2, 3, 2, 4, 1, 1, 4, 2, 3, 2, 3, 1, 4]).
sudoku([8051, 6961, 7893, 7587, 7905, 7604, 6969, 8054, 6976, 8061, 7609, 7932, 7619, 7936, 8071, 7000],[4, 1, 3, 2, 3, 2, 1, 4, 1, 4, 2, 3, 2, 3, 4, 1]).
sudoku([7946, 7627, 7005, 8081, 8092, 7014, 7635, 7956, 7019, 7968, 8095, 7637, 7678, 8107, 7981, 7023],[3, 2, 1, 4, 4, 1, 2, 3, 1, 3, 4, 2, 2, 4, 3, 1]).
